#scenetime
15350
#curvetype
CATMULROM
#numkeyframe
15
#keyframes
0.000000
0.081433
0.153094
0.244300
0.319218
0.398436
0.473355
0.547231
0.628664
0.671010
0.719870
0.768730
0.846906
0.947883
1.000000
#positions
-96.198700 -3.656990 332.562012
-233.404999 -77.622704 286.174988
-275.364990 -110.563004 -83.543098
-48.810398 61.022900 -226.501007
249.330994 149.895004 -46.994801
139.639008 284.087006 11.117200
17.119801 123.364998 78.162102
-17.115999 27.244801 75.004799
-24.055099 6.487630 46.727699
-28.475300 3.884770 8.733250
-22.745199 -12.378200 -4.814450
-6.447130 -11.668400 5.171800
-0.838783 -1.207860 -2.510650
-0.993662 0.286529 -0.840212
-0.717384 0.077057 0.114851
