#scenetime
7680
#curvetype
LINER
#numkeyframe
42
#keyframes
0
0.00767879
0.0177164
0.225847
0.238394
0.247177
0.258469
0.269762
0.462713
0.472496
0.484278
0.49492
0.503957
0.597004
0.605296
0.614098
0.622324
0.633673
0.720125
0.731418
0.741455
0.750238
0.759021
0.808502
0.815285
0.823068
0.86602
0.874889
0.8811
0.904642
0.910661
0.917954
0.923991
0.932284
0.941437
0.947761
0.95386
0.961846
0.968057
0.975155
0.994465
1
#positions
1 1 1
1.33532 1.33006 1.33168
1 1 1
1 1 1
1.33532 1.33006 1.33168
1 1 1
1.33532 1.33006 1.33168
1 1 1
1 1 1
1.33532 1.33006 1.33168
1 1 1
1.33532 1.33006 1.33168
1 1 1
1 1 1
1.33532 1.33006 1.33168
1 1 1
1.33532 1.33006 1.33168
1 1 1
1 1 1
1.33532 1.33006 1.33168
1 1 1
1.33532 1.33006 1.33168
1 1 1
1 1 1
1.33532 1.33006 1.33168
1 1 1
1 1 1
1.33532 1.33006 1.33168
1 1 1
1 1 1
1.33532 1.33006 1.33168
1 1 1
1.33532 1.33006 1.33168
1 1 1
1.33532 1.33006 1.33168
1 1 1
1.33532 1.33006 1.33168
1 1 1
1.33532 1.33006 1.33168
1 1 1
1 1 1
3.50378 3.51101 3.50698
